0.945132613182
1.82710909843
1.64995217323
1.03634500504
0.111256502569
1.12412631512
1.75387907028
3.01695179939
7.83204507828
0.0433025658131
0.483461409807
1.04829502106
1.36082184315
0.324148386717
1.57011592388
1.69581460953
0.532079577446
1.83089280128
0.891610264778
1.44488823414
1.15377354622
0.869131922722
0.308450728655
1.11820137501
0.397590130568
0.821634709835
1.11839354038
0.0320372991264
0.0990331396461
3.52597594261
0.376640945673
0.296401083469
2.53469562531
1.74853110313
1.10697805882
1.15707349777
0.0452759377658
3.76020288467
1.49957001209
0.156872212887
0.0476500801742
2.66943407059
1.17450511456
1.75887775421
1.2463811636
0.102346807718
0.235926985741
1.68031859398
2.06384325027
2.14331030846
1.04088819027
1.94602096081
0.893133044243
1.0126273632
1.69083201885
3.47414422035
0.64797347784
2.68357753754
0.847185492516
1.59014296532
0.0863787978888
2.71966362
2.11460638046
1.28325140476
0.285451114178
2.18911957741
2.21961355209
1.05822682381
4.16603708267
2.23705267906
0.615717172623
0.229503124952
2.71134281158
1.08737933636
0.584760844707
0.0379460155964
4.24113750458
0.382076114416
0.853168427944
0.227736398578
3.10414767265
0.337465196848
1.65786921978
0.925623059273
0.659978747368
0.508649051189
1.35196137428
0.146850019693
0.562386572361
2.69262695312
0.713689088821
0.406402915716
2.80252838135
0.384037971497
0.642453432083
0.246532604098
2.56426930428
0.0707691684365
2.11131310463
0.283573508263
1.66402423382
2.41881465912
1.61816096306
0.609057426453
0.123476482928
6.39496612549
1.02791392803
0.977758944035
0.485853433609
1.23023879528
2.87250947952
0.256535172462
1.10488927364
0.658205270767
1.11224222183
2.60872149467
0.950948596001
0.398860424757
2.63784456253
1.84340691566
0.178213074803
1.39039731026
0.0712511315942
0.124925777316
0.0152944764122
2.24623727798
0.176209419966
0.451988995075
2.10758924484
1.13469839096
2.286236763
3.38307023048
0.864929914474
1.43680119514
0.457461923361
2.38645482063
0.354796260595
0.340488374233
1.04605317116
1.1017370224
0.235533252358
1.40203821659
2.3080830574
4.35330295563
0.259702086449
0.0619835443795
0.188835591078
0.157390907407
1.32012736797
0.241733029485
1.69161951542
0.20523172617
0.43900796771
0.0196987465024
1.28052890301
4.56698703766
0.794902980328
1.60014343262
0.737466275692
2.87967777252
0.346397787333
0.145980492234
4.66958999634
1.02369523048
1.83805072308
1.82748258114
0.244342073798
0.175547018647
0.475326955318
1.07215702534
1.14910805225
1.04584240913
0.725013971329
2.13499927521
4.29905033112
0.520590662956
2.41842627525
1.91380274296
0.00136056763586
0.314913839102
1.42519700527
0.727594733238
0.209457919002
0.579796731472
0.106860473752
0.324307769537
1.69561362267
1.31052446365
0.768372356892
3.01173663139
1.43485045433
0.186886325479
1.14001131058
2.31222701073
2.87579965591
1.06744420528
0.125267416239
0.00823633372784
1.2391409874
1.00649368763
0.589706540108
1.80549967289
0.357878446579
1.30057883263
0.0425757877529
0.73147302866
0.0679887160659
0.251508325338
0.129366666079
2.75224423409
3.16930270195
1.6601588726
4.52580881119
0.39633628726
0.474009007215
0.278861314058
0.615717470646
0.762475907803
1.07121300697
1.22349703312
0.941057145596
0.440594851971
2.56743240356
0.697486102581
1.57286381721
0.413883298635
0.278856813908
2.8887925148
0.381602555513
1.67226660252
1.15270733833
1.84001672268
0.50450271368
0.446233481169
0.150992542505
1.62088608742
0.862841665745
1.67233657837
0.317802876234
0.758521616459
0.0281081739813
5.00587463379
0.650151193142
0.0534448623657
1.80329346657
1.2108682394
0.470354199409
1.65336322784
1.65324342251
1.0693167448
2.22893428802
0.284788489342
0.436611950397
1.13912451267
1.80841386318
0.845519244671
0.419101893902
0.28215610981
1.01225340366
0.126328587532
0.364631652832
1.33331918716
1.02918100357
3.51438641548
0.375965505838
1.28852593899
2.16458201408
1.10047864914
2.37581968307
1.16283833981
1.76356482506
0.339062541723
0.881570577621
0.0957714170218
0.455336153507
0.200093463063
1.77883994579
0.443340748549
0.803511977196
0.53455477953
1.24170732498
2.55055904388
0.0797937661409
2.07327413559
1.62378418446
3.21367168427
0.045663472265
0.640513896942
0.958084583282
0.797485291958
4.50313138962
0.266004741192
4.12015151978
1.29174935818
0.503371059895
2.38864517212
1.19001543522
0.380884677172
0.881664454937
7.64736175537
0.240738704801
4.36474704742
2.28344106674
3.41903686523
1.56587588787
0.111291199923
3.59233927727
1.71627366543
1.63340735435
1.95093131065
1.00526857376
4.74790668488
0.509327948093
1.20458388329
3.46925425529
2.55736303329
0.134446844459
0.13730275631
1.03173422813
0.355681300163
0.102473564446
0.424251288176
0.020587535575
2.42858433723
0.897294104099
0.662433922291
1.2314953804
0.881963610649
0.0326727218926
0.313073992729
1.02107858658
0.334923714399
0.0454501956701
0.899582564831
1.0684261322
0.350043147802
0.171133339405
0.386033713818
2.04390954971
0.886343538761
2.56184005737
0.0283765811473
0.122584663332
2.46104764938
2.70992875099
1.49126625061
0.537932693958
0.889613211155
1.30337429047
1.88353180885
2.29469823837
2.78444838524
0.912079155445
1.84851861
0.903248369694
0.373622268438
2.81208920479
0.997406125069
0.486283898354
1.18615245819
0.29291471839
1.46429419518
0.16560433805
0.909747838974
0.978099167347
0.568275034428
0.307194471359
1.41507744789
0.20961996913
0.175407856703
0.0708795264363
0.741885721684
0.279012322426
0.865779876709
1.13338530064
4.84485435486
0.0512199252844
1.04316401482
6.05400514603
0.0667619779706
3.67110490799
1.27048814297
1.52744352818
0.926939308643
2.01108336449
0.959625482559
3.85128188133
1.53390693665
2.46479296684
0.9406670928
0.353890061378
2.06870532036
2.8817512989
0.1071863994
4.32535123825
0.158608958125
0.254673272371
0.607948124409
0.410449445248
1.50760245323
0.210885092616
0.348104864359
0.885944128036
1.57532584667
0.93660980463
2.00592184067
1.93166148663
1.14616954327
0.735900878906
2.96053099632
0.238968759775
0.779170155525
0.878658354282
0.830285310745
0.384034723043
3.42908811569
1.14067733288
0.419754177332
0.63237041235
0.489356428385
1.23255586624
1.78321111202
1.75443089008
1.21955859661
0.544340908527
0.114924602211
1.49925136566
0.441775411367
0.416740953922
1.36545014381
1.53087067604
5.48173093796
0.0750762224197
3.04124283791
0.879810810089
0.261847108603
3.92813158035
2.04414963722
1.54905629158
0.220961868763
0.64088332653
0.356049835682
0.908190250397
0.860403001308
0.0100869340822
0.851422011852
0.170267164707
0.400450408459
1.035410285
1.21856892109
1.70683085918
0.983601093292
0.312503546476
2.91694116592
0.462718904018
0.966072261333
0.26941639185
0.969144225121
2.92909455299
0.796726226807
0.403766155243
1.08673560619
0.157580912113
1.65328884125
1.1636980772
1.080691576
0.0379000045359
2.43625926971
0.118377998471
1.29779696465
0.464490234852
0.656941413879
0.118169769645
0.0891450941563
0.306729972363
0.608853459358
2.31970334053
0.856408655643
1.6643986702
3.32531809807
0.611376166344
1.13469910622
0.0601929761469
0.793786764145
1.52098667622
0.862336695194
2.63595581055
2.45576000214
1.05722117424
1.61900401115
0.0296849869192
0.226998716593
0.539391636848
0.380109548569
2.07983756065
0.674885034561
0.772785484791
0.0796310901642
2.5975985527
1.52112925053
1.33386337757
5.53170585632
0.038267891854
0.89188939333
0.853803992271
0.196245089173
0.400750309229
0.159977257252
3.879789114
0.227571174502
0.200531616807
0.592695176601
0.912940442562
4.04551553726
1.41438519955
0.861216068268
3.19154763222
3.53134989738
0.0280409324914
2.41699314117
0.0510746017098
0.47437942028
0.766584217548
1.19404947758
2.97324895859
2.75567150116
1.57706582546
1.09184265137
2.64821910858
0.00517782196403
2.0174703598
1.36950743198
1.30968689919
1.86935281754
1.19727253914
1.97223651409
1.63013863564
0.0361329130828
0.00224999850616
0.505965650082
0.0559987314045
1.35588121414
1.46580576897
0.205897092819
1.80127871037
1.83941709995
1.13980460167
0.148685023189
1.98052024841
0.294358104467
2.69988560677
1.43401885033
0.197132974863
0.447794377804
0.56652367115
0.37667247653
0.473140984774
1.5218744278
0.902308702469
2.38386368752
0.172056689858
0.845575034618
1.98772263527
1.89988327026
0.267903804779
0.945422768593
1.20982646942
0.586123645306
1.00915157795
4.77865695953
0.696031570435
0.551103651524
0.816536307335
2.88320326805
0.883711993694
0.177919045091
0.956675469875
0.262521952391
0.178763404489
0.492686867714
2.13240361214
0.760785579681
0.667260944843
1.68058848381
0.0918282419443
0.112266719341
1.0219925642
2.02782297134
0.183476880193
2.42604470253
0.325610548258
2.60227251053
0.533711254597
1.063975811
0.881466567516
1.90933465958
0.622469305992
1.24512207508
0.104272171855
0.800892829895
0.88315141201
0.0421646684408
2.91342687607
0.559786319733
1.08627855778
2.22050213814
1.09667873383
2.05053734779
0.024294776842
0.212660849094
3.26730656624
1.08842754364
0.471623003483
0.105543501675
1.15827918053
2.24649333954
0.0255012642592
1.94217157364
1.285998106
1.97176492214
1.23985517025
0.0346908941865
0.0898591801524
0.31110933423
0.226047217846
1.71173155308
0.15904726088
0.0925483778119
0.311708778143
0.642455220222
0.477197945118
0.937328755856
3.06367111206
0.730290055275
0.653201639652
0.0272036120296
0.285106390715
1.07085061073
1.11855530739
0.220830649137
0.928638935089
1.58091819286
0.0360414981842
1.1634734869
0.35339769721
1.50134503841
1.88645219803
1.60182154179
1.14370107651
1.99546217918
0.325925499201
1.53436839581
1.16317415237
0.372257709503
0.769880950451
0.608264327049
0.966309070587
0.338786512613
0.211493685842
4.7968287468
3.41290712357
0.450496971607
1.14175581932
2.04916286469
5.65582466125
1.59803473949
0.821355342865
1.20074689388
0.294730037451
0.210574254394
1.28588306904
0.0653305053711
0.852854311466
1.56986939907
1.21253657341
0.772640585899
0.986025393009
0.985815048218
0.00276066851802
1.23951649666
1.62361681461
0.435234099627
0.716533720493
1.52771341801
0.165165349841
0.384020477533
0.814589560032
3.9427511692
0.736546039581
1.7298797369
0.0174701083452
0.13456659019
2.32692527771
2.20483160019
0.0987495705485
1.95803880692
1.88099133968
6.60813331604
0.0661440193653
3.67910504341
0.0918869301677
2.37204051018
2.53728246689
0.787720799446
1.73211205006
0.183051526546
3.83721423149
7.23844861984
1.55800974369
0.93842536211
1.42818176746
0.375148683786
0.227155312896
0.807246685028
3.74004220963
1.18544721603
0.709374129772
0.121562212706
2.38958740234
0.171518012881
0.0636968836188
3.80845165253
0.125773787498
0.94642239809
2.15261602402
0.147729918361
0.58743262291
0.925016820431
1.58263528347
4.27048301697
1.09867072105
0.11668907851
0.676127433777
1.2570515871
1.13617455959
0.106445394456
1.99176907539
0.208115309477
2.15247988701
0.458637714386
4.40670347214
0.434911936522
0.960238575935
4.41635608673
2.29232168198
0.421190321445
0.835422575474
0.150239124894
0.0560957863927
1.51570928097
1.59843087196
0.0323466956615
1.43302774429
0.359634429216
1.55576956272
0.0221113283187
0.169278144836
1.96614658833
1.09473454952
1.09462368488
0.667531192303
1.15615808964
0.254446566105
0.992480099201
5.00266361237
0.438270360231
1.15537106991
1.24488067627
0.0408996194601
1.59948325157
1.70221626759
1.50092816353
0.844032824039
0.270869851112
4.06238174438
0.398100614548
1.36402189732
1.74143207073
1.74427950382
1.00447583199
2.38086104393
0.280229270458
2.35631489754
1.04604244232
0.362525880337
0.522889792919
0.019104167819
3.877825737
2.45639610291
1.68287205696
6.95862388611
2.60142207146
0.224409788847
3.69706535339
0.109799996018
4.94583559036
1.25832951069
0.53432905674
0.159662634134
2.09919571877
1.41366386414
0.84306037426
1.96195292473
0.854541480541
1.26422357559
3.24671196938
0.0199797227979
1.07277917862
1.44902813435
4.6872844696
0.0584307312965
2.3437359333
0.34002867341
0.268513321877
0.518703699112
0.803289115429
0.897601723671
0.780717611313
3.39366316795
0.0279779527336
0.0463336743414
1.18586134911
0.527184844017
0.464085042477
0.0392893888056
0.209691956639
0.241129860282
3.8167693615
0.239493995905
3.34500980377
1.45464885235
0.548582196236
3.33522605896
0.480800420046
0.473081618547
0.222864255309
1.32403588295
2.99085187912
2.27290844917
0.938682734966
1.10596561432
0.893706142902
1.03707909584
0.638469815254
0.331230729818
1.65354466438
2.92643046379
1.51996409893
0.740461409092
5.39299535751
0.563108026981
0.0354101881385
0.0755955278873
3.30547380447
0.792193830013
2.10167002678
1.43562662601
1.14458823204
0.213751479983
1.51627790928
1.60706472397
1.49921762943
1.59750115871
2.75580716133
1.24305534363
0.300101220608
1.55258226395
1.72997581959
1.35432851315
0.0653968006372
3.06301927567
1.80501413345
0.970524251461
0.225888460875
2.06464958191
0.152667179704
0.179504022002
0.341539442539
0.25115814805
0.992371797562
0.207944825292
0.372024357319
0.583196938038
0.964786052704
0.072007574141
1.1317704916
0.0625387057662
1.64337432384
5.23495197296
0.370404213667
0.870588958263
0.200111746788
0.785360693932
7.43967151642
0.768047332764
7.0612912178
0.678555727005
2.37109827995
3.20925378799
0.202359512448
0.829895675182
1.08394050598
0.882338047028
0.0975340604782
0.113440729678
1.17685937881
1.96474063396
0.0238176789135
0.899069964886
1.05415534973
2.44539165497
1.78206074238
1.24580848217
0.212045148015
2.73321485519
0.221042126417
5.15551328659
3.18982768059
0.243797019124
2.93687725067
0.33142977953
2.23972845078
4.39335489273
1.24220466614
2.56606006622
0.0694726034999
2.20670771599
1.65750348568
1.44288825989
0.573531448841
1.90615272522
0.448908150196
0.303816854954
0.242376789451
2.67301297188
1.50905656815
0.100797235966
0.00341382040642
0.898248255253
0.276676148176
0.616232872009
0.487842351198
1.84382283688
2.72686910629
0.268458813429
0.89708763361
4.99668121338
2.57414460182
5.24441194534
2.48161101341
1.70266234875
0.625350356102
1.29304087162
2.71578025818
2.51683831215
0.247686028481
0.14560982585
0.816634654999
1.11906754971
0.369781792164
0.471874803305
1.309502244
0.0146326078102
1.66767728329
0.499680370092
1.49500882626
0.836114406586
0.213561668992
0.92864137888
0.0460769981146
0.302954137325
1.88935434818
2.01530909538
0.985918462276
0.139571651816
0.309271365404
1.45490968227
1.22673666477
1.54193496704
0.180670410395
0.853432238102
0.310505628586
0.223283559084
3.11805820465
0.323319673538
0.072693631053
5.19062900543
0.997985064983
0.456082046032
0.458708494902
0.804133594036
1.07472622395
0.740086376667
0.0952506661415
0.581116497517
1.22862374783
0.568017780781
2.2851164341
1.02145457268
0.0404503941536
